physical.int records=14 stride=42
record 0: 0 0 0 0 0 0 0 0 0 0 0 0 0 0 0 0 0 0 0 0 0 0 0 0 0 0 0 0 0 0 0 0 0 0 0 0 0 0 0 0 0 0
record 1: -20 49 0 -30 0 20 30 10 -8 0 17 26 8 70 80 90 100 30 10 20 -20 15 15 10 15 -10 -15 -20 15 13 10 13 -10 -15 -20 15 10 10 10 -10 -15 -20
record 2: -20 50 0 -10 0 20 30 10 -8 0 17 26 8 70 80 90 100 30 20 30 -20 15 25 10 20 -10 -15 0 15 25 10 20 -10 -15 -10 15 25 10 20 -10 -15 -20
record 3: -20 51 0 -10 0 20 20 5 -8 0 17 17 4 70 80 100 100 30 40 25 -20 20 10 -5 0 -5 -10 -20 20 10 -5 0 -5 -10 -20 20 10 -5 -5 -5 -10 -20
record 4: -20 52 0 -10 0 20 50 10 -8 0 17 17 8 80 90 100 100 60 60 60 -10 10 0 10 20 10 20 0 10 -20 10 20 10 20 -20 10 -40 10 20 10 20 -40
record 5: -20 53 0 -10 0 20 20 10 -8 0 17 17 8 20 10 100 100 60 40 40 -10 -5 -10 -5 -10 -5 -10 -30 -5 -10 -5 -10 -5 -10 -30 -5 -10 -5 -10 -5 -10 -30
record 6: -20 54 0 -30 0 30 40 10 -8 0 17 36 8 70 80 90 100 30 10 20 -20 15 15 10 15 -10 -15 -10 15 13 10 13 -10 -15 -10 15 10 10 10 -10 -15 -10
record 7: -23 49 0 -10 0 20 20 5 -8 0 17 17 4 70 80 90 100 60 0 0 0 -10 -15 -10 -15 -10 -15 40 -10 -15 -10 -15 -10 -15 60 -10 -15 -10 -15 -10 -15 60
record 8: -23 50 0 -10 0 20 20 10 -8 0 17 17 8 70 80 100 100 60 0 0 0 10 15 10 15 10 15 20 10 15 10 15 10 15 100 10 15 10 15 10 15 100
record 9: -95 49 0 -10 0 20 30 10 -8 0 17 26 8 70 80 90 100 30 20 30 -20 15 25 10 20 -10 -15 -20 15 25 10 20 -10 -15 -20 15 25 10 20 -10 -15 -20
record 10: -95 50 0 -10 0 20 20 8 -8 0 17 17 6 70 80 100 100 50 20 30 -20 15 25 10 20 -10 -15 -10 15 25 10 20 -10 -15 -10 15 25 10 20 -10 -15 -10
record 11: -13 49 0 -10 0 20 30 5 -8 0 17 26 4 80 85 95 100 70 20 30 -30 15 20 -10 -15 10 15 40 15 20 -10 -15 10 15 70 15 20 -10 -15 10 15 70
record 12: -13 50 0 -10 0 20 30 5 -8 0 -20 26 4 80 85 95 100 70 20 30 -20 15 20 -10 -15 10 15 20 15 20 -10 -15 10 15 50 15 20 -10 -15 10 15 50
record 13: -13 51 0 -10 0 20 30 5 -8 0 17 26 4 80 85 95 100 70 20 30 -30 15 20 -10 -15 10 15 20 15 20 -10 -15 10 15 40 15 20 -10 -15 10 15 50
class1 x=0.00 t=25.00,25.00,25.00
class1 x=0.50 t=25.00,23.00,20.00
class1 x=1.00 t=-10.00,-10.00,-10.00
